BLOCKS
1
Sling
Stone
-7.529809
0.8649999
0
1
BombBird
ENEMIES
15
OldPig
18.55479
0.3602624
0.06270607
OldPig
-1.760006
0.3951083
351.3109
OldPig
-0.62071
0.3705304
358.2663
OldPig
-0.7653853
1.356179
256.7236
OldPig
-1.22124
2.538664
335.8275
OldPig
-4.539498
0.3851666
256.8444
OldPig
-2.750134
0.3849272
256.928
OldPig
-3.674933
1.16155
353.7017
OldPig
8.200895
0.3628117
0.1536866
OldPig
-5.90096
0.41403
22.24823
OldPig
-3.369569
2.198067
27.71687
OldPig
-5.222666
1.23386
44.78267
OldPig
-1.828231
1.361672
91.87106
OldPig
-4.447876
1.99356
311.5687
OldPig
-2.221319
2.346921
271.7647
END
